1755623411885 0.5486941664632659 1
1755624178421 0.7386424371993586 2
1755625110268 0.7935533384497314 3
1755626158026 0.8328537797541198 4
1755627053423 0.8547324017927762 5
1755627927780 0.8631188774159386 6
1755628797240 0.8721973094170403 7
1755629612409 0.903277378097522 8
1755630406475 0.9007015650296816 9
1755631174607 0.9029933481152993 10
1755632011828 0.933083511777302 11
1755632822904 0.9532710280373832 12
1755633623808 0.9659426119603111 13
1755634404009 0.9695104895104895 14
1755635246014 0.9728703201302225 15
1755636043992 0.9785061794734013 16
1755636848274 0.9787581699346405 17
