1755623411883 0.6981132075471698 1
1755624178419 0.8296096904441453 2
1755625110265 0.872946330777656 3
1755626158023 0.8978815860945139 4
1755627053421 0.9028213166144201 5
1755627927777 0.9018321028165163 6
1755628797238 0.9135866736074961 7
1755629612406 0.9314641744548287 8
1755630406472 0.9341220758268352 9
1755631174605 0.9351648351648352 10
1755632011825 0.9475093733261918 11
1755632822901 0.97016515716569 12
1755633623805 0.9728395061728395 13
1755634404006 0.973784817039869 14
1755635246011 0.9788300835654596 15
1755636043990 0.9802089059923035 16
1755636848269 0.9812362030905077 17
