1755623411869 0.6055763684505949 1
1755624178406 0.7658304804223769 2
1755625110254 0.8215806389830854 3
1755626158010 0.8449078496271923 4
1755627053409 0.8636856211399717 5
1755627927765 0.8710608312810401 6
1755628797224 0.8879863788928938 7
1755629612382 0.9053413801480532 8
1755630406460 0.9070067853104276 9
1755631174594 0.906504153968626 10
1755632011813 0.9320697866562475 11
1755632822890 0.9542353171925886 12
1755633623794 0.9597603062126371 13
1755634403994 0.9676712476267852 14
1755635245999 0.9698871319247565 15
1755636043978 0.9753128750449283 16
1755636848257 0.9754093913632951 17
