1755623411831 0.7654801168104431 1
1755624178381 0.3009734050793697 2
1755625110229 0.20965718594708316 3
1755626157982 0.17965570007865844 4
1755627053381 0.16268003970280623 5
1755627927730 0.1509680779513503 6
1755628797181 0.12968659854008835 7
1755629612335 0.10918311631295739 8
1755630406429 0.1056435044736293 9
1755631174568 0.10926970034973149 10
1755632011788 0.08132343800046533 11
1755632822861 0.04249941033335158 12
1755633623762 0.03585821635390843 13
1755634403965 0.028954684691750058 14
1755635245961 0.025352620948252486 15
1755636043953 0.02041053566762303 16
1755636848224 0.027147890954042228 17
