1755623411887 0.46489773355444997 1
1755624178424 0.6348873755893137 2
1755625110270 0.6996795805418001 3
1755626158028 0.716589861751152 4
1755627053426 0.7643347050754458 5
1755627927782 0.7912503375641372 6
1755628797257 0.8084258468545403 7
1755629612411 0.8351274787535411 8
1755630406477 0.8400441257584115 9
1755631174609 0.8479501816294759 10
1755632011831 0.8859170305676856 11
1755632822906 0.9189921430506638 12
1755633623812 0.9293739967897271 13
1755634404011 0.9458046767537827 14
1755635246017 0.9473124002128792 15
1755636043999 0.9603024574669187 16
1755636848276 0.9551298871687222 17
