1755623411891 0.5566012368916375 1
1755624178428 0.7333503444756315 2
1755625110274 0.8023889898727603 3
1755626158033 0.8335870116692035 4
1755627053430 0.853763440860215 5
1755627927787 0.8605577689243028 6
1755628797262 0.8870071447472876 7
1755629612739 0.8931216931216931 8
1755630406482 0.9023676509710029 9
1755631174615 0.8966069997328346 10
1755632011836 0.9231613611416026 11
1755632822910 0.9519463087248322 12
1755633623816 0.9542025862068966 13
1755634404015 0.9655728886498117 14
1755635246021 0.9715224534501643 15
1755636044004 0.972027972027972 16
1755636848292 0.9769436997319035 17
