1755623411872 0.5969230322535705 1
1755624178408 0.7607805351895591 2
1755625110256 0.8144543886691302 3
1755626158012 0.8389095358440437 4
1755627053411 0.8591435578706316 5
1755627927767 0.8675559485713965 6
1755628797227 0.8831643758517034 7
1755629612385 0.9016742870174967 8
1755630406462 0.9040753141334884 9
1755631174596 0.904491020876437 10
1755632011816 0.9298742000484512 11
1755632822892 0.9529204615463268 12
1755633623796 0.9589693478814573 13
1755634403996 0.9666679077241239 14
1755635246002 0.9694504740561456 15
1755636043980 0.9747696880879879 16
1755636848259 0.9750156307618887 17
