1755623411867 0.6022177338600159 1
1755624178404 0.764818549156189 2
1755625110252 0.8213709592819214 3
1755626158008 0.8447580933570862 4
1755627053407 0.8632056713104248 5
1755627927762 0.8707661032676697 6
1755628797222 0.8879032135009766 7
1755629612376 0.9051411151885986 8
1755630406458 0.9069556593894958 9
1755631174591 0.90625 10
1755632011811 0.9320564270019531 11
1755632822887 0.9542338848114014 12
1755633623791 0.9597782492637634 13
1755634403992 0.9676411151885986 14
1755635245997 0.9698588848114014 15
1755636043975 0.9753023982048035 16
1755636848255 0.9754032492637634 17
