1755623411889 0.7163088168113294 1
1755624178426 0.8674128282393456 2
1755625110272 0.9037037037037037 3
1755626158031 0.9136354399512294 4
1755627053428 0.9200659250103008 5
1755627927785 0.9210206561360875 6
1755628797259 0.9346049046321526 7
1755629612414 0.9453807106598985 8
1755630406479 0.9431411530815109 9
1755631174613 0.9397397397397398 10
1755632011834 0.9596997234294745 11
1755632822908 0.9702276707530648 12
1755633623814 0.972488038277512 13
1755634404013 0.9786666666666667 14
1755635246019 0.9767171129220024 15
1755636044001 0.9828029254793438 16
1755636848289 0.9830101938836698 17
