1755458501955 0.0001 1
1755459044588 0.0001 2
1755459674545 0.0001 3
1755460419987 0.0001 4
1755461119674 0.0001 5
1755461795791 0.0001 6
1755462419638 0.0001 7
1755463075845 5e-05 8
1755463691265 5e-05 9
1755464311209 5e-05 10
1755464904656 5e-05 11
1755465513706 5e-05 12
1755466096470 5e-05 13
1755466682245 5e-05 14
1755467270901 2.5e-05 15
1755467850196 2.5e-05 16
1755468433822 2.5e-05 17
1755469010167 2.5e-05 18
1755469598070 2.5e-05 19
1755470191428 2.5e-05 20
1755470795990 0.0001 21
1755471423677 5e-05 22
1755472017217 5e-05 23
1755472600120 5e-05 24
1755473175497 5e-05 25
1755473744224 5e-05 26
1755474318705 2.5e-05 27
