1755458501951 0.001 1
1755459044585 0.001 2
1755459674542 0.001 3
1755460419983 0.001 4
1755461119671 0.001 5
1755461795788 0.001 6
1755462419635 0.001 7
1755463075841 0.0005 8
1755463691262 0.0005 9
1755464311205 0.0005 10
1755464904652 0.0005 11
1755465513703 0.0005 12
1755466096467 0.0005 13
1755466682243 0.0005 14
1755467270899 0.00025 15
1755467850193 0.00025 16
1755468433819 0.00025 17
1755469010164 0.00025 18
1755469598067 0.00025 19
1755470191425 0.00025 20
1755470795987 0.0001 21
1755471423674 5e-05 22
1755472017214 5e-05 23
1755472600117 5e-05 24
1755473175495 5e-05 25
1755473744221 5e-05 26
1755474318702 2.5e-05 27
