1755458928277 0.7550366383327999 1
1755459556136 0.45763551707290095 2
1755460266076 0.39125129923800256 3
1755460989901 0.35516716029068235 4
1755461681032 0.32810425061651105 5
1755462299263 0.28881037987842806 6
1755462957293 0.2728645430800467 7
1755463577594 0.22012954567831972 8
1755464195541 0.2211747436604405 9
1755464792202 0.18106048324244753 10
1755465389413 0.18663025316307683 11
1755465985114 0.17343480326336397 12
1755466570803 0.21018154129164796 13
1755467159953 0.18890487374053375 14
1755467740612 0.15939581703524858 15
1755468325521 0.16177195219937968 16
1755468902157 0.14812225072645469 17
1755469486491 0.12245869776831698 18
1755470073539 0.13306393809515152 19
1755470684546 0.13328174056888875 20
1755471306510 0.13306611671587512 21
1755471905661 0.0895440158326453 22
1755472491400 0.08910279847715613 23
1755473065524 0.07800544355342195 24
1755473638487 0.07902152785731166 25
1755474208708 0.07848584042348719 26
1755474802621 0.06253857708502966 27
