1755458928310 0.6002064313289546 1
1755459556173 0.8071387487012626 2
1755460266117 0.8483422925896441 3
1755460989930 0.8691052761934632 4
1755461681062 0.8845210220661743 5
1755462299280 0.8983550572439608 6
1755462957310 0.9061814755958132 7
1755463577619 0.9215800648261594 8
1755464195573 0.9287168558554171 9
1755464792222 0.9357385025398444 10
1755465389434 0.9359117104187282 11
1755465985134 0.9420901963142171 12
1755466570816 0.9366443189687409 13
1755467159972 0.9435820552701422 14
1755467740633 0.9467308604169442 15
1755468325541 0.9475620925708148 16
1755468902185 0.955453842604941 17
1755469486518 0.9611377011179079 18
1755470073598 0.9620739618836632 19
1755470684580 0.9583313379527931 20
1755471306528 0.9568018086207237 21
1755471905680 0.9698190921689711 22
1755472491414 0.9731654690378516 23
1755473065539 0.973944595571755 24
1755473638514 0.9735610775650823 25
1755474208728 0.9764849392059419 26
1755474802652 0.980023828509605 27
