1755458928308 0.6033474688292157 1
1755459556170 0.807508740356144 2
1755460266109 0.8478374792590293 3
1755460989925 0.8694295596559303 4
1755461681060 0.884234923153659 5
1755462299278 0.8984154565517309 6
1755462957308 0.9055203667213332 7
1755463577617 0.9215040040737458 8
1755464195571 0.9287377491824499 9
1755464792219 0.9355428327672148 10
1755465389428 0.9358088354424616 11
1755465985131 0.9423458673887787 12
1755466570814 0.936479755841349 13
1755467159970 0.9433189284471343 14
1755467740626 0.9464953365141302 15
1755468325538 0.9476594412209054 16
1755468902183 0.9553537636602544 17
1755469486516 0.9612024780362637 18
1755470073555 0.962218356991549 19
1755470684578 0.9583035260660642 20
1755471306526 0.9566709318893237 21
1755471905674 0.9699346320087131 22
1755472491412 0.9731209716551746 23
1755473065536 0.9740304012936024 24
1755473638512 0.9737172806216957 25
1755474208725 0.9764657855844778 26
1755474802650 0.9799746380569606 27
