1755458928306 0.6244754791259766 1
1755459556168 0.8098955750465393 2
1755460266107 0.849029004573822 3
1755460989922 0.8700107336044312 4
1755461681057 0.8846491575241089 5
1755462299275 0.8988972306251526 6
1755462957304 0.9056309461593628 7
1755463577615 0.9217332005500793 8
1755464195568 0.9288572072982788 9
1755464792216 0.935590922832489 10
1755465389425 0.9358837008476257 11
1755465985129 0.9424221515655518 12
1755466570811 0.9365668296813965 13
1755467159967 0.9434956312179565 14
1755467740624 0.9465209245681763 15
1755468325535 0.9476920366287231 16
1755468902180 0.955401599407196 17
1755469486514 0.9612569808959961 18
1755470073553 0.9622328281402588 19
1755470684576 0.9583292603492737 20
1755471306523 0.9567678570747375 21
1755471905671 0.9699424505233765 22
1755472491409 0.9731628894805908 23
1755473065533 0.9740411639213562 24
1755473638508 0.9737483859062195 25
1755474208723 0.9764809012413025 26
1755474802647 0.9799941182136536 27
