1755458785686 0.0001 1
1755459234086 0.0001 2
1755459677420 0.0001 3
1755460117350 0.0001 4
1755460562679 0.0001 5
1755460989472 0.0001 6
1755461430094 0.0001 7
1755461873163 0.0001 8
1755462315038 0.0001 9
1755462743260 0.0001 10
1755463189007 0.0001 11
1755463614463 0.0001 12
1755464044927 0.0001 13
1755464472432 5e-05 14
1755464910532 5e-05 15
1755465338488 5e-05 16
1755465785046 5e-05 17
1755466216525 5e-05 18
1755466665828 5e-05 19
1755467103783 5e-05 20
1755467531720 0.0001 21
1755467972151 0.0001 22
1755468426077 0.0001 23
1755468868519 0.0001 24
1755469310014 0.0001 25
1755469763536 0.0001 26
1755470206656 0.0001 27
1755470655033 0.0001 28
1755471095708 5e-05 29
1755471537683 5e-05 30
1755471985526 5e-05 31
1755472427060 5e-05 32
1755472869637 5e-05 33
1755473310086 2.5e-05 34
