1755458785641 0.001 1
1755459234042 0.001 2
1755459677390 0.001 3
1755460117318 0.001 4
1755460562633 0.001 5
1755460989438 0.001 6
1755461430051 0.001 7
1755461873127 0.001 8
1755462314999 0.001 9
1755462743221 0.001 10
1755463188962 0.001 11
1755463614422 0.001 12
1755464044843 0.001 13
1755464472397 0.0005 14
1755464910497 0.0005 15
1755465338443 0.0005 16
1755465784988 0.0005 17
1755466216480 0.0005 18
1755466665795 0.0005 19
1755467103751 0.0005 20
1755467531686 0.0001 21
1755467972118 0.0001 22
1755468426040 0.0001 23
1755468868474 0.0001 24
1755469309977 0.0001 25
1755469763504 0.0001 26
1755470206621 0.0001 27
1755470654990 0.0001 28
1755471095673 5e-05 29
1755471537641 5e-05 30
1755471985475 5e-05 31
1755472427022 5e-05 32
1755472869592 5e-05 33
1755473310054 2.5e-05 34
