1755459139308 0.5636184061629698 1
1755459586545 0.8074219819537211 2
1755460027999 0.8618929070556414 3
1755460468495 0.8885192340116979 4
1755460912060 0.8931743177329412 5
1755461339785 0.9066397103505992 6
1755461779594 0.9254817080380191 7
1755462222744 0.9262263595462261 8
1755462665970 0.9373086401745668 9
1755463091563 0.93794094091473 10
1755463537749 0.944283046124189 11
1755463964552 0.9458026542071607 12
1755464395339 0.9520817754471615 13
1755464822126 0.9547251487480184 14
1755465260563 0.9604565861079788 15
1755465689907 0.9607209012515948 16
1755466138991 0.9659706616381303 17
1755466567943 0.9702167023273616 18
1755467015896 0.9691708846434446 19
1755467455569 0.967355001704265 20
1755467897397 0.9656788344469481 21
1755468337343 0.9914034899022471 22
1755468791806 0.9930929572956252 23
1755469233180 0.995913929784971 24
1755469675639 0.9970663128947829 25
1755470129064 0.9971597475991828 26
1755470571922 0.9966735906691992 27
1755471019342 0.9972805322927265 28
1755471461282 0.9992230431242118 29
1755471902170 0.9993144838543795 30
1755472351174 0.9997072572503617 31
1755472792887 0.9983303973524181 32
1755473234035 0.9991206801989779 33
1755473674780 0.9992175765262814 34
