1755459139072 0.5916853547096252 1
1755459586477 0.812920868396759 2
1755460027946 0.8638625741004944 3
1755460468460 0.8898214101791382 4
1755460911974 0.8935298323631287 5
1755461339626 0.9076802730560303 6
1755461779549 0.9258319735527039 7
1755462222714 0.9265151023864746 8
1755462665772 0.9373475313186646 9
1755463091520 0.9384210109710693 10
1755463537717 0.944471538066864 11
1755463964493 0.9455450177192688 12
1755464395265 0.951888382434845 13
1755464822029 0.9547184705734253 14
1755465260518 0.9605738520622253 15
1755465689853 0.9606714248657227 16
1755466138951 0.9661364555358887 17
1755466567910 0.9700400233268738 18
1755467015811 0.9692593216896057 19
1755467455529 0.9676002860069275 20
1755467897364 0.9656484723091125 21
1755468337286 0.9914121031761169 22
1755468791772 0.9930711388587952 23
1755469233107 0.9959012269973755 24
1755469675601 0.9970723390579224 25
1755470128950 0.9971699118614197 26
1755470571842 0.9966819286346436 27
1755471019301 0.997267484664917 28
1755471461246 0.9992192983627319 29
1755471902131 0.9993168711662292 30
1755472351118 0.9997072219848633 31
1755472792859 0.9983409643173218 32
1755473233965 0.9991216659545898 33
1755473674739 0.9992192983627319 34
