1755459139200 0.5616419416548208 1
1755459586502 0.808309127183094 2
1755460027961 0.8625553386453144 3
1755460468474 0.8887300248987061 4
1755460912006 0.8930532169588126 5
1755461339651 0.9071465862534033 6
1755461779567 0.9255211580177799 7
1755462222729 0.9263705315222708 8
1755462665892 0.9372473267233807 9
1755463091547 0.9381818746615833 10
1755463537733 0.944404637717767 11
1755463964508 0.9455150085080943 12
1755464395317 0.9518582682790274 13
1755464822076 0.9546200028605324 14
1755465260537 0.9605272215700217 15
1755465689888 0.9606566241621245 16
1755466138972 0.9661225636719353 17
1755466567928 0.9699952063635102 18
1755467015860 0.9692432581569063 19
1755467455552 0.9675904172424633 20
1755467897382 0.9656406003545631 21
1755468337321 0.991410498507754 22
1755468791788 0.99307295427489 23
1755469233157 0.9959010017853301 24
1755469675620 0.9970721355055873 25
1755470129037 0.9971694178549568 26
1755470571899 0.9966821147036499 27
1755471019322 0.9972670775825462 28
1755471461263 0.999219230385578 29
1755471902148 0.9993167981134295 30
1755472351150 0.9997071830631523 31
1755472792873 0.9983410359524589 32
1755473233988 0.9991218115889392 33
1755473674755 0.999219206761746 34
