1755459138940 0.7790864598806774 1
1755459586318 0.38766718038424525 2
1755460027885 0.29803109268811634 3
1755460468427 0.244217586561434 4
1755460911814 0.23935503095991886 5
1755461339560 0.21557027642322107 6
1755461779435 0.177015281279464 7
1755462222642 0.18290255516419343 8
1755462665431 0.14992861897971865 9
1755463091324 0.14590630539028537 10
1755463537576 0.14229663177262816 11
1755463964399 0.13297540534757704 12
1755464395155 0.12341466167726992 13
1755464821843 0.11081680427581025 14
1755465260460 0.09730042676322417 15
1755465689758 0.09851383396302497 16
1755466138915 0.08106544788171047 17
1755466567803 0.08574517077629996 18
1755467015680 0.07776204509641743 19
1755467455441 0.07838507584583397 20
1755467897238 0.10607550831800297 21
1755468337109 0.022411051565237965 22
1755468791728 0.021007995727556145 23
1755469232984 0.012223415610665525 24
1755469675425 0.013547567417029135 25
1755470128787 0.008063612000465849 26
1755470571698 0.008551468541985305 27
1755471019224 0.009165534513577822 28
1755471461141 0.0034698515479827177 29
1755471902092 0.0025208983861602263 30
1755472351008 0.0018232019444165252 31
1755472792720 0.0044089114695379066 32
1755473233852 0.0033783249945432015 33
1755473674626 0.0033088722954526134 34
