1755622838940 0.0001 1
1755623166091 0.0001 2
1755623500841 0.0001 3
1755623822014 0.0001 4
1755624145227 0.0001 5
1755624467591 5e-05 6
1755624790024 5e-05 7
1755625115668 5e-05 8
1755625438676 5e-05 9
1755625766774 5e-05 10
1755626089380 0.0001 11
1755626411705 0.0001 12
1755626733479 5e-05 13
1755627059382 5e-05 14
1755627386244 5e-05 15
1755627709494 5e-05 16
1755628035658 5e-05 17
1755628359901 2.5e-05 18
1755628685702 2.5e-05 19
1755629009976 2.5e-05 20
1755629334758 2.5e-05 21
1755629658834 2.5e-05 22
