1755622838911 0.001 1
1755623166059 0.001 2
1755623500787 0.001 3
1755623821942 0.001 4
1755624145192 0.001 5
1755624467559 0.0005 6
1755624789986 0.0005 7
1755625115643 0.0005 8
1755625438635 0.0005 9
1755625766728 0.0005 10
1755626089336 0.0001 11
1755626411677 0.0001 12
1755626733416 5e-05 13
1755627059324 5e-05 14
1755627386190 5e-05 15
1755627709430 5e-05 16
1755628035593 5e-05 17
1755628359850 2.5e-05 18
1755628685660 2.5e-05 19
1755629009936 2.5e-05 20
1755629334712 2.5e-05 21
1755629658785 2.5e-05 22
