1755623115092 0.8693048128342246 1
1755623441813 0.9540161831458457 2
1755623776545 0.9696732537663862 3
1755624099088 0.9732408325074331 4
1755624422028 0.973338485316847 5
1755624744262 0.9775494672754946 6
1755625067703 0.9840107879021384 7
1755625393489 0.9831611174894757 8
1755625716956 0.9871971636793382 9
1755626044256 0.9838064393217756 10
1755626366697 0.9920742315870869 11
1755626688604 0.9900841908325538 12
1755627009600 0.991509069857198 13
1755627336514 0.9889691898060099 14
1755627663868 0.9887683965917893 15
1755627989629 0.9888344760039177 16
1755628314739 0.9924633082110274 17
1755628640203 0.9920248978797899 18
1755628964357 0.990766760337214 19
1755629289230 0.9905489644078022 20
1755629613021 0.9916553464001553 21
1755629939985 0.9903940403842384 22
