1755623114869 0.7308527702799252 1
1755623441637 0.8652547819545131 2
1755623776352 0.9133990998819972 3
1755624098899 0.9245831127803399 4
1755624421856 0.9359680339767686 5
1755624744141 0.9552351889510057 6
1755625067252 0.9646247833820345 7
1755625393367 0.9670905488602954 8
1755625716737 0.9704003844104285 9
1755626043901 0.972562773423334 10
1755626366581 0.9789465011304295 11
1755626688485 0.9798405133871597 12
1755627009490 0.9811270557527424 13
1755627336369 0.9829210231103485 14
1755627663752 0.9821675050779752 15
1755627988402 0.9847464350427895 16
1755628314537 0.9859407746769803 17
1755628639560 0.9864162344443415 18
1755628964231 0.9855155750139012 19
1755629288608 0.9851844734631054 20
1755629612883 0.9859524153102607 21
1755629938909 0.9854066898731769 22
