1755623114755 0.7385080456733704 1
1755623441532 0.8715725541114807 2
1755623776306 0.9176411032676697 3
1755624098802 0.9278225898742676 4
1755624421774 0.9388104677200317 5
1755624744076 0.9571572542190552 6
1755625067026 0.9660282135009766 7
1755625393302 0.9683467745780945 8
1755625716542 0.9714717864990234 9
1755626043713 0.9733871221542358 10
1755626366519 0.9799395203590393 11
1755626688432 0.9805443286895752 12
1755627009433 0.9819556474685669 13
1755627336314 0.9833669066429138 14
1755627663707 0.9826613068580627 15
1755627988287 0.9849798679351807 16
1755628314442 0.9863911271095276 17
1755628639281 0.9867943525314331 18
1755628964078 0.9858871102333069 19
1755629288420 0.9854838848114014 20
1755629612840 0.9862903356552124 21
1755629938353 0.9857863187789917 22
