1755623114991 0.6985522233712513 1
1755623441742 0.8440846173935753 2
1755623776493 0.8953168044077136 3
1755624099020 0.9066378845116028 4
1755624421950 0.9246178176067475 5
1755624744204 0.9451907576571735 6
1755625067496 0.9614410357444413 7
1755625393423 0.9619073718827076 8
1755625716911 0.965074043028779 9
1755626044085 0.9697794718213995 10
1755626366656 0.9734953064605191 11
1755626688550 0.9752111141378371 12
1755627009560 0.9773828756058158 13
1755627336458 0.9809088464641033 14
1755627663824 0.9821190285561783 15
1755627988739 0.9865156418554477 16
1755628314611 0.9815172413793103 17
1755628639871 0.9851321585903083 18
1755628964305 0.9842354177614293 19
1755629288875 0.9847797062750334 20
1755629612931 0.981203007518797 21
1755629939661 0.9869918699186991 22
