1755623114800 0.7402495554236592 1
1755623441575 0.8717746922516606 2
1755623776328 0.9176136248309836 3
1755624098870 0.9278900779602426 4
1755624421799 0.9388161540641564 5
1755624744101 0.9572243863413707 6
1755625067131 0.9660443979090022 7
1755625393341 0.9683596212544183 8
1755625716637 0.9714674757911661 9
1755626043803 0.97340956954511 10
1755626366559 0.9799362855801106 11
1755626688451 0.9805368785240104 12
1755627009470 0.9819557109041446 13
1755627336334 0.9833644736267843 14
1755627663732 0.9826606984750327 15
1755627988371 0.9849769064148626 16
1755628314465 0.9863969863013335 17
1755628639517 0.9867967134316626 18
1755628964177 0.9858772863754158 19
1755629288515 0.9854834886993962 20
1755629612867 0.9862947937184333 21
1755629938876 0.9857835294146278 22
