1755623114936 0.7899031106578276 1
1755623441714 0.8994767281740568 2
1755623776425 0.943316635908252 3
1755624098993 0.9473684210526315 4
1755624421903 0.9602649006622517 5
1755624744179 0.9695652173913043 6
1755625067392 0.9737056112767688 7
1755625393396 0.9724175229853975 8
1755625716853 0.9768076398362893 9
1755626044022 0.9760609357997824 10
1755626366621 0.9839601769911505 11
1755626688529 0.987710774507002 12
1755627009525 0.9907087868330237 13
1755627336402 0.9892413793103448 14
1755627663802 0.9889624724061811 15
1755627988586 0.9882030178326474 16
1755628314587 0.9908058409951325 17
1755628639740 0.9915091755683374 18
1755628964272 0.9909265878471267 19
1755629288692 0.9910979228486647 20
1755629612912 0.9921612541993281 21
1755629939419 0.9915920802820721 22
