1755623114586 0.5340395064543813 1
1755623441404 0.16178516824757905 2
1755623776265 0.09513765865797928 3
1755624098762 0.07799278860224032 4
1755624421647 0.06199775409129929 5
1755624744034 0.04167616672114403 6
1755625066751 0.03377593562219567 7
1755625393231 0.029229616397744042 8
1755625716460 0.030758876429148027 9
1755626043558 0.02585185165428723 10
1755626366433 0.01870111214723678 11
1755626688370 0.01652093610467663 12
1755627009385 0.01760300164574478 13
1755627336262 0.012334431335944284 14
1755627663661 0.01571737151401547 15
1755627988183 0.010433621578517759 16
1755628314263 0.01277373014685208 17
1755628639042 0.011507187052601632 18
1755628963959 0.013193702152715278 19
1755629287683 0.013182879790141185 20
1755629612813 0.013082782941721726 21
1755629938126 0.012383825908370873 22
