1755623115138 0.7063216857828755 1
1755623441835 0.8536060279870828 2
1755623776569 0.9042464612822648 3
1755624099108 0.9246313489896232 4
1755624422050 0.938257993384785 5
1755624744284 0.961570362178601 6
1755625067759 0.9655172413793104 7
1755625393518 0.972492358988608 8
1755625716978 0.9727395411605938 9
1755626044337 0.9773242630385488 10
1755626366720 0.9802666666666666 11
1755626688622 0.9825842696629213 12
1755627009617 0.981476204046737 13
1755627336541 0.9853932584269663 14
1755627663888 0.9813902572523262 15
1755627989805 0.9867183176535694 16
1755628314804 0.9869368168488403 17
1755628640335 0.9860997547015535 18
1755628964376 0.98837823560486 19
1755629289406 0.9859928591046416 20
1755629613040 0.9873068432671082 21
1755629940084 0.983879634605051 22
