1755623115033 0.5901820187534473 1
1755623441792 0.7750903530720045 2
1755623776520 0.8544423440453687 3
1755624099043 0.8710370768404084 4
1755624421971 0.8833609729132117 5
1755624744234 0.9223001402524544 6
1755625067654 0.938449240607514 7
1755625393471 0.945474372955289 8
1755625716931 0.9501835343471421 9
1755626044175 0.9558427571351642 10
1755626366677 0.9649361239467247 11
1755626688585 0.9636122177954848 12
1755627009581 0.9645583424209379 13
1755627336481 0.9700924415443176 14
1755627663846 0.9695973705834018 15
1755627989118 0.9734607218683652 16
1755628314697 0.9779806659505907 17
1755628639959 0.9773151854817187 18
1755628964333 0.9732708735188758 19
1755629288997 0.9735029146793853 20
1755629612955 0.9774356251659145 21
1755629939775 0.9741758241758242 22
