1755504819930 0.0001 1
1755505563177 0.0001 2
1755506380802 0.0001 3
1755507207144 0.0001 4
1755508023335 0.0001 5
1755508859649 0.0001 6
1755509693018 0.0001 7
1755510520289 0.0001 8
1755511370400 0.0001 9
1755512219165 0.0001 10
1755513069563 0.0001 11
1755513916527 0.0001 12
1755514711261 0.0001 13
1755515507059 0.0001 14
1755516302394 0.0001 15
1755517106078 5e-05 16
1755517921568 5e-05 17
1755518744707 5e-05 18
1755519558627 5e-05 19
1755520375406 5e-05 20
1755521184941 5e-05 21
1755522037580 2.5e-05 22
1755522919427 2.5e-05 23
1755523863222 2.5e-05 24
1755524777880 2.5e-05 25
1755525622021 2.5e-05 26
1755526469056 2.5e-05 27
1755527318843 2.5e-05 28
1755528215745 1.25e-05 29
1755529097380 1.25e-05 30
1755530014672 1.25e-05 31
1755530854582 1.25e-05 32
1755531715870 1.25e-05 33
1755532630275 1.25e-05 34
1755533577088 1.25e-05 35
1755534495486 6.25e-06 36
1755535409086 6.25e-06 37
1755536229558 6.25e-06 38
1755537038973 6.25e-06 39
1755537892933 6.25e-06 40
1755538769308 3.125e-06 41
