1755504819863 0.001 1
1755505563174 0.001 2
1755506380797 0.001 3
1755507207138 0.001 4
1755508023332 0.001 5
1755508859638 0.001 6
1755509693015 0.001 7
1755510520286 0.001 8
1755511370396 0.001 9
1755512219159 0.001 10
1755513069560 0.001 11
1755513916524 0.001 12
1755514711258 0.001 13
1755515507056 0.001 14
1755516302388 0.001 15
1755517106075 0.0005 16
1755517921564 0.0005 17
1755518744704 0.0005 18
1755519558624 0.0005 19
1755520375403 0.0005 20
1755521184938 0.0005 21
1755522037577 0.00025 22
1755522919424 0.00025 23
1755523863219 0.00025 24
1755524777878 0.00025 25
1755525622018 0.00025 26
1755526469053 0.00025 27
1755527318840 0.00025 28
1755528215742 0.000125 29
1755529097378 0.000125 30
1755530014668 0.000125 31
1755530854579 0.000125 32
1755531715867 0.000125 33
1755532630273 0.000125 34
1755533577081 0.000125 35
1755534495483 6.25e-05 36
1755535409083 6.25e-05 37
1755536229555 6.25e-05 38
1755537038970 6.25e-05 39
1755537892927 6.25e-05 40
1755538769305 3.125e-05 41
