1755505435731 0.8196013672953467 1
1755506243132 0.5719104172832025 2
1755507077504 0.49907581876471907 3
1755507887488 0.45778892358661766 4
1755508724321 0.4300222272746945 5
1755509563473 0.4068358600064007 6
1755510386383 0.3580805375484297 7
1755511237727 0.37576682210458584 8
1755512083465 0.3412852606819368 9
1755512936007 0.3390233800971879 10
1755513783657 0.36053383493687663 11
1755514579051 0.3262434106257982 12
1755515375703 0.3310541839345746 13
1755516174206 0.3247962014500276 14
1755516977778 0.29381749159730985 15
1755517791282 0.2705983314745871 16
1755518615091 0.26556441588105545 17
1755519425479 0.2864875479985376 18
1755520246584 0.24593003215087406 19
1755521051062 0.22807313562909745 20
1755521902575 0.21223885297193557 21
1755522777161 0.16060194275807907 22
1755523712222 0.14296634715678383 23
1755524641484 0.11616433497328842 24
1755525484570 0.12272079802830684 25
1755526336516 0.11594366213496675 26
1755527186792 0.12490280222681761 27
1755528077614 0.10613239519844313 28
1755528963817 0.09741792525918933 29
1755529880803 0.07883397265250579 30
1755530723208 0.07500033487131354 31
1755531578359 0.0935134932741016 32
1755532489920 0.06918737423179298 33
1755533440427 0.06809111123820728 34
1755534340032 0.07050949865591688 35
1755535278087 0.06393527835200948 36
1755536099558 0.07126342531203865 37
1755536910493 0.06283713954981479 38
1755537759881 0.0766588209072061 39
1755538634805 0.0802478022918609 40
1755539543261 0.06294273116288908 41
