1755505435792 0.5855578436533841 1
1755506243156 0.7536165767467368 2
1755507077532 0.7958930403603907 3
1755507887500 0.824405123168492 4
1755508724351 0.8388530126442004 5
1755509563494 0.8472105156845285 6
1755510386410 0.8604310442334272 7
1755511237752 0.8674133127293603 8
1755512083479 0.8691795169655712 9
1755512936035 0.8722748744017852 10
1755513783684 0.8742650366398794 11
1755514579065 0.886985428170222 12
1755515375715 0.8823152845527166 13
1755516174228 0.8853228380738691 14
1755516977789 0.8922458448028519 15
1755517791307 0.9050015087720228 16
1755518615121 0.9110767605875085 17
1755519425510 0.9066770522966808 18
1755520246608 0.914300110786585 19
1755521051077 0.9200440649988227 20
1755521902603 0.9294518622677903 21
1755522777194 0.9460941019172019 22
1755523712271 0.9559312386880124 23
1755524641513 0.9617616131725293 24
1755525484592 0.9614977837816397 25
1755526336539 0.9659214261950384 26
1755527186817 0.9629053934812738 27
1755528077641 0.9671852561771992 28
1755528963838 0.9706899843274084 29
1755529880850 0.9758743990799958 30
1755530723242 0.9775210577499385 31
1755531578412 0.9741066346817165 32
1755532489974 0.9789015835084579 33
1755533440485 0.9784398547575001 34
1755534340069 0.9792752514934647 35
1755535278117 0.9826115273438868 36
1755536099580 0.9784921222386949 37
1755536910519 0.9809560004387357 38
1755537759908 0.9789914149699539 39
1755538634866 0.9806620588657807 40
1755539543327 0.9799664211772018 41
