1755505435788 0.5994925498962402 1
1755506243154 0.7567092776298523 2
1755507077529 0.7977944612503052 3
1755507887497 0.8257051110267639 4
1755508724348 0.8395627737045288 5
1755509563491 0.8487362265586853 6
1755510386408 0.8613252639770508 7
1755511237749 0.8679613471031189 8
1755512083477 0.8700107336044312 9
1755512936032 0.8729383945465088 10
1755513783681 0.8746950030326843 11
1755514579062 0.8871864676475525 12
1755515375712 0.8828925490379333 13
1755516174225 0.8856250643730164 14
1755516977786 0.8924563527107239 15
1755517791304 0.905240535736084 16
1755518615118 0.9111935496330261 17
1755519425508 0.9068995714187622 18
1755520246605 0.9145115613937378 19
1755521051074 0.9202693700790405 20
1755521902600 0.929735541343689 21
1755522777191 0.9462281465530396 22
1755523712268 0.9559870958328247 23
1755524641511 0.9618424773216248 24
1755525484590 0.961549699306488 25
1755526336536 0.9659412503242493 26
1755527186814 0.9629159569740295 27
1755528077638 0.9672099351882935 28
1755528963836 0.9707231521606445 29
1755529880846 0.9758954048156738 30
1755530723239 0.9775543808937073 31
1755531578409 0.9741387963294983 32
1755532489971 0.9789206385612488 33
1755533440482 0.9784327149391174 34
1755534340066 0.9793109893798828 35
1755535278114 0.9826290607452393 36
1755536099577 0.9785302877426147 37
1755536910516 0.980970025062561 38
1755537759905 0.9790182709693909 39
1755538634863 0.9806772470474243 40
1755539543323 0.9799941182136536 41
