1755505435794 0.584522813941003 1
1755506243158 0.7532582306810444 2
1755507077534 0.7963467912054091 3
1755507887502 0.8235847747372788 4
1755508724353 0.8386418985376523 5
1755509563496 0.845740637279875 6
1755510386412 0.8613114517971863 7
1755511237755 0.8672118940806837 8
1755512083482 0.8694136471655106 9
1755512936037 0.872623357026268 10
1755513783686 0.8741841114859147 11
1755514579067 0.8872295387952971 12
1755515375717 0.8828709468304353 13
1755516174230 0.884927756951642 14
1755516977791 0.8921767323038685 15
1755517791309 0.9051012789729374 16
1755518615123 0.91162545870457 17
1755519425513 0.9061820077214179 18
1755520246610 0.9140753082160551 19
1755521051079 0.920451721119586 20
1755521902605 0.9299266877127927 21
1755522777196 0.9463926925824871 22
1755523712273 0.9559355365842542 23
1755524641515 0.9617116589691532 24
1755525484594 0.9613770164696144 25
1755526336542 0.9658609169362501 26
1755527186819 0.9629191113705426 27
1755528077645 0.9670782033152683 28
1755528963841 0.9708041231703597 29
1755529880852 0.9757961481465408 30
1755530723244 0.9774374026931062 31
1755531578415 0.9740199933109699 32
1755532489976 0.9789338869875154 33
1755533440488 0.9784497257794266 34
1755534340071 0.9791460979014269 35
1755535278120 0.9825719357388737 36
1755536099582 0.9784336269877134 37
1755536910521 0.980919598128293 38
1755537759910 0.978883354010539 39
1755538634869 0.9805422160923628 40
1755539543329 0.9799261260198815 41
