1755637840394 0.8 1
1755638154824 0.9314731226918342 2
1755638463947 0.9459405545581488 3
1755638776693 0.9498314495340076 4
1755639089292 0.9511222991399203 5
1755639402719 0.9583657587548639 6
1755639716882 0.9616987497519349 7
1755640031734 0.968359375 8
1755640350189 0.9712909054406745 9
1755640664568 0.9736789230460117 10
1755640989013 0.9766986489132563 11
1755641333523 0.9850630455868089 12
1755641656093 0.9838064393217756 13
1755641973249 0.9870078740157481 14
1755642292345 0.9877360327039127 15
1755642612019 0.9893924783027965 16
1755642930595 0.9903104607474787 17
1755643249279 0.9885100074128984 18
1755643568490 0.9908185192420395 19
1755643887684 0.9920248978797899 20
1755644207004 0.9929384072185171 21
