1755637840216 0.7135122102581645 1
1755638154678 0.8620260230818454 2
1755638463818 0.8966655528388566 3
1755638776575 0.9142421302791188 4
1755639089179 0.9219897354388445 5
1755639402590 0.9301725401847444 6
1755639716714 0.9326039993196666 7
1755640031615 0.9526542241321818 8
1755640350045 0.9600596421778718 9
1755640664464 0.9628327186668153 10
1755640988615 0.9683023721161648 11
1755641333413 0.9787495442277157 12
1755641655980 0.9803766238552118 13
1755641973136 0.982808270951687 14
1755642292220 0.9855523915224463 15
1755642611889 0.9882989107095976 16
1755642930471 0.9896824070397378 17
1755643249169 0.9895692186897099 18
1755643568393 0.9905030603301412 19
1755643887569 0.9922748579462513 20
1755644206899 0.9911499960282801 21
