1755637840264 0.7814504193389246 1
1755638154711 0.8995240613432046 2
1755638463860 0.9229508196721311 3
1755638776610 0.939385702636586 4
1755639089216 0.9442082890541976 5
1755639402624 0.9557951482479784 6
1755639716767 0.9600638977635783 7
1755640031653 0.9653361344537815 8
1755640350086 0.9747854077253219 9
1755640664497 0.9782316581564096 10
1755640988835 0.9773883550028265 11
1755641333450 0.9850988891899214 12
1755641656013 0.9864902122966639 13
1755641973174 0.9848566792861005 14
1755642292263 0.989558232931727 15
1755642611923 0.9931186347371318 16
1755642930506 0.9944634853677827 17
1755643249207 0.9942036985923268 18
1755643568419 0.9933279957299173 19
1755643887606 0.9956355701036552 20
1755644206934 0.9924853882549401 21
