1755637840325 0.7478968792401628 1
1755638154755 0.8955223880597015 2
1755638463889 0.9155968314668124 3
1755638776645 0.9344574381289095 4
1755639089249 0.9445856634468734 5
1755639402672 0.9492099322799097 6
1755639716810 0.9489089941458222 7
1755640031690 0.9639716312056738 8
1755640350136 0.9730603448275862 9
1755640664519 0.9742910151073416 10
1755640988872 0.9762419006479481 11
1755641333472 0.9843963865316179 12
1755641656050 0.9893973214285714 13
1755641973198 0.9906963631237665 14
1755642292298 0.9910979228486647 15
1755642611967 0.9933634191664454 16
1755642930528 0.99302649930265 17
1755643249231 0.9966499162479062 18
1755643568454 0.994778785380599 19
1755643887647 0.9934029686641012 20
1755644206968 0.9953488372093023 21
