1755637840175 0.7182459831237793 1
1755638154624 0.8657258152961731 2
1755638463772 0.8995967507362366 3
1755638776516 0.9165322780609131 4
1755639089124 0.9241935610771179 5
1755639402550 0.9319556355476379 6
1755639716650 0.9349798560142517 7
1755640031538 0.9538306593894958 8
1755640349991 0.96088707447052 9
1755640664403 0.9636088609695435 10
1755640987577 0.9686492085456848 11
1755641333355 0.9792338609695435 12
1755641655923 0.9805443286895752 13
1755641973090 0.9829636812210083 14
1755642292166 0.9857863187789917 15
1755642611845 0.9884072542190552 16
1755642930406 0.9897177219390869 17
1755643249126 0.9894153475761414 18
1755643568354 0.990524172782898 19
1755643887535 0.99223792552948 20
1755644206858 0.9912298321723938 21
