1755637840196 0.7197000860578114 1
1755638154645 0.8661587795038557 2
1755638463796 0.8999100926712601 3
1755638776542 0.9167384220002921 4
1755639089144 0.9242134418533962 5
1755639402570 0.9321530097205287 6
1755639716685 0.9351135697897959 7
1755640031575 0.9538779501505009 8
1755640350019 0.9608892850369194 9
1755640664427 0.9636780628236102 10
1755640987803 0.9686603181427855 11
1755641333382 0.9792288562407413 12
1755641655948 0.9805467510662388 13
1755641973112 0.982978237098981 14
1755642292198 0.985774928216066 15
1755642611866 0.9884135634533943 16
1755642930430 0.9897184298349733 17
1755643249150 0.9894169203975403 18
1755643568371 0.9905226304030141 19
1755643887550 0.9922370451865995 20
1755644206878 0.9912307076685444 21
