1755637840348 0.5791397244869272 1
1755638154779 0.7636268343815513 2
1755638463913 0.823906083244397 3
1755638776667 0.8542957177484514 4
1755639089271 0.8553982792117679 5
1755639402695 0.8739316239316239 6
1755639716845 0.8808463251670379 7
1755640031711 0.919022783420258 8
1755640350167 0.9284534947716016 9
1755640664541 0.9367225527312061 10
1755640988957 0.9444155844155844 11
1755641333498 0.9619907027618266 12
1755641656070 0.9644480085538626 13
1755641973226 0.9716219734444155 14
1755642292319 0.9748462828395752 15
1755642611991 0.9808056231413895 16
1755642930560 0.9841437632135307 17
1755643249257 0.9783666846944294 18
1755643568472 0.9840238288654211 19
1755643887668 0.9876939539860888 20
1755644206983 0.9846965699208443 21
