1755637840417 0.6590740282248081 1
1755638154868 0.8199837089329352 2
1755638464002 0.8749334752527941 3
1755638776716 0.8932403433476395 4
1755639089315 0.9146341463414634 5
1755639402741 0.9135602377093462 6
1755639716941 0.9115020297699594 7
1755640031758 0.9465811965811965 8
1755640350211 0.9527080581241744 9
1755640664590 0.9512394442931081 10
1755640989071 0.9667673716012085 11
1755641333546 0.9771986970684039 12
1755641656116 0.9777411376751854 13
1755641973271 0.979858464888405 14
1755642292371 0.9845234862883518 15
1755642612040 0.984814398200225 16
1755642930614 0.9864678265672466 17
1755643249304 0.9901157865009884 18
1755643568511 0.9895661724327293 19
1755643887703 0.992616899097621 20
1755644207023 0.990280777537797 21
