1755637840131 0.5078426354964669 1
1755638154585 0.1554905506870484 2
1755638463670 0.1167053240705319 3
1755638776451 0.07678276585053438 4
1755639089056 0.07534008814238347 5
1755639402513 0.061014024563126205 6
1755639716584 0.06134853331675385 7
1755640031384 0.041655466223399405 8
1755640349842 0.030256183905082928 9
1755640664334 0.03023169596423882 10
1755640987151 0.022039426625862335 11
1755641333214 0.015310788744808368 12
1755641655849 0.013110690009246414 13
1755641972996 0.01477573199255799 14
1755642292051 0.010913941618856194 15
1755642611792 0.009116355109961572 16
1755642930283 0.0070751256404491866 17
1755643249093 0.005325989405134035 18
1755643568306 0.0063742851011907515 19
1755643887438 0.004846586288898937 20
1755644206828 0.005970124817508437 21
