1755631087616 0.6497237569060773 1
1755631392585 0.8417051316861255 2
1755631684477 0.9040500135906496 3
1755631985355 0.9299363057324841 4
1755632283839 0.9449368788611335 5
1755632579832 0.9482758620689655 6
1755632883459 0.9547233091112354 7
1755633183385 0.9732266077836047 8
1755633483610 0.981674654637722 9
1755633800861 0.9747230900312411 10
1755634107134 0.9832522960561858 11
1755634414327 0.9882100750267953 12
1755634717590 0.9925492283129325 13
1755635019314 0.9958049292081804 14
1755635323379 0.994109396914446 15
1755635629438 0.99644128113879 16
1755635935030 0.9962080173347779 17
1755636243673 0.9969333705046 18
1755636549325 0.9972972972972973 19
1755636854644 0.9976031957390147 20
