1755631087427 0.6944961078295856 1
1755631391998 0.8656002390208453 2
1755631684256 0.9088226062872943 3
1755631985042 0.9313852327988572 4
1755632283573 0.9462611137286004 5
1755632579610 0.9572010626527369 6
1755632883279 0.9555448755597021 7
1755633183233 0.9740777268228284 8
1755633483433 0.9824542795134424 9
1755633800528 0.978132569267254 10
1755634106824 0.9827765626173878 11
1755634414082 0.988404737883001 12
1755634717081 0.9916311902726184 13
1755635019020 0.9920360671676206 14
1755635322798 0.993751437283396 15
1755635629272 0.9955647824670718 16
1755635934875 0.9944562136003322 17
1755636243273 0.9966725217492504 18
1755636549143 0.9955653135845767 19
1755636854467 0.9968739961423195 20
