1755631087452 0.6808354358582503 1
1755631392062 0.8584344405951082 2
1755631684292 0.9044900590562349 3
1755631985097 0.9285059472817945 4
1755632283612 0.9435088205224476 5
1755632579672 0.9553126673228668 6
1755632883307 0.9542824495856644 7
1755633183251 0.9731659351215001 8
1755633483459 0.9818478661747847 9
1755633800609 0.9776025642281055 10
1755634106890 0.982312949453266 11
1755634414137 0.9881962639958812 12
1755634717160 0.9915345163536051 13
1755635019077 0.9919176620928611 14
1755635322879 0.9936790977037809 15
1755635629312 0.995497941222831 16
1755635934898 0.9944007566379357 17
1755636243326 0.9966917282632609 18
1755636549168 0.9955344539006743 19
1755636854499 0.996891181332147 20
