1755631087543 0.49681159420289855 1
1755631392418 0.7398648648648649 2
1755631684404 0.8172518661874482 3
1755631985290 0.8644022465899973 4
1755632283747 0.8979591836734694 5
1755632579770 0.9230769230769231 6
1755632883413 0.916993977481016 7
1755633183340 0.9501915708812261 8
1755633483548 0.9665587918015103 9
1755633800765 0.9655535103865369 10
1755634107089 0.9645616839861444 11
1755634414274 0.9794721407624634 12
1755634717431 0.9844559585492227 13
1755635019232 0.9859005054535781 14
1755635323129 0.9899429192715412 15
1755635629394 0.9915730337078652 16
1755635934976 0.9895604395604396 17
1755636243500 0.9943865276663993 18
1755636549273 0.9926450558430945 19
1755636854596 0.9941333333333333 20
