1755631087581 0.8625235404896422 1
1755631392460 0.9597302122594723 2
1755631684446 0.960371157935434 3
1755631985321 0.9734513274336283 4
1755632283767 0.9778794813119756 5
1755632579809 0.9797846211978084 6
1755632883437 0.9765332281601262 7
1755633183360 0.9856384025181979 8
1755633483583 0.9902610050642774 9
1755633800826 0.9849380362249762 10
1755634107111 0.9899941141848146 11
1755634414298 0.991725768321513 12
1755634717511 0.9928457869634341 13
1755635019256 0.9937436932391523 14
1755635323242 0.9946585272796642 15
1755635629417 0.9961494031574895 16
1755635934994 0.9949475320637389 17
1755636243563 0.9964761158966328 18
1755636549296 0.996011396011396 19
1755636854624 0.9968541093197011 20
