1755631087407 0.6941532492637634 1
1755631391841 0.8662298321723938 2
1755631684219 0.9090725779533386 3
1755631985017 0.9314516186714172 4
1755632283496 0.9462701678276062 5
1755632579559 0.9571572542190552 6
1755632883247 0.9555443525314331 7
1755633183205 0.9740927219390869 8
1755633483403 0.9824596643447876 9
1755633800445 0.9781249761581421 10
1755634106769 0.9827620983123779 11
1755634414045 0.9884072542190552 12
1755634716996 0.9916330575942993 13
1755635018992 0.9920362830162048 14
1755635322676 0.9937499761581421 15
1755635629250 0.9955645203590393 16
1755635934857 0.9944556355476379 17
1755636243250 0.9966734051704407 18
1755636549114 0.9955645203590393 19
1755636854442 0.996874988079071 20
