1755631087496 0.7281039461020212 1
1755631392264 0.9100106496272631 2
1755631684331 0.9351481184947958 3
1755631985186 0.9524849808847624 4
1755632283658 0.9559112608817748 5
1755632579712 0.9710917765927589 6
1755632883358 0.9694803409403354 7
1755633183284 0.9824276831576102 8
1755633483506 0.9887218045112782 9
1755633800677 0.9871479354662291 10
1755634106955 0.9899553571428571 11
1755634414196 0.992896174863388 12
1755634717270 0.9941876556877941 13
1755635019161 0.9928728070175439 14
1755635322980 0.9964432284541723 15
1755635629347 0.9977961432506887 16
1755635934931 0.9962546816479401 17
1755636243379 0.9984008528784648 18
1755636549210 0.9974640743871513 19
1755636854541 0.9978343259339469 20
