1755631087308 0.5455840388930688 1
1755631391745 0.16497056243299027 2
1755631684170 0.09684526479583339 3
1755631984777 0.0713994431123689 4
1755632283428 0.05393883607515994 5
1755632579492 0.04454381908486363 6
1755632883086 0.04398524737722959 7
1755633183159 0.02358848437876781 8
1755633483351 0.015834380330240875 9
1755633783856 0.019508602068288843 10
1755634106532 0.0172847255454034 11
1755634413997 0.009176159847180818 12
1755634716794 0.0065471339814789165 13
1755635018852 0.006550573637681253 14
1755635322543 0.00456172892156073 15
1755635629088 0.0038747359330044665 16
1755635934804 0.003365402402002228 17
1755636243111 0.003158761381207962 18
1755636548961 0.003405850779136959 19
1755636854402 0.0014067018472951256 20
