1755631087518 0.6670143415906128 1
1755631392337 0.8408613445378151 2
1755631684367 0.9056291390728477 3
1755631985208 0.9222548757681005 4
1755632283695 0.940857297883885 5
1755632579734 0.954334153677878 6
1755632883382 0.9536813922356091 7
1755633183316 0.9743454112668606 8
1755633483527 0.982023074859136 9
1755633800708 0.975650249031544 10
1755634107033 0.9838012958963283 11
1755634414239 0.9886771610052472 12
1755634717333 0.9936339522546419 13
1755635019208 0.9912663755458515 14
1755635323018 0.9932414165990808 15
1755635629368 0.9955298448593216 16
1755635934955 0.9950331125827815 17
1755636243430 0.9972617743702081 18
1755636549249 0.9942544459644322 19
1755636854565 0.9980309423347398 20
