1755524107935 0.0001 1
1755524520297 0.0001 2
1755524934417 0.0001 3
1755525339550 0.0001 4
1755525760994 0.0001 5
1755526169343 0.0001 6
1755526575628 0.0001 7
1755526991046 0.0001 8
1755527383376 0.0001 9
1755527772484 0.0001 10
1755528170663 0.0001 11
1755528559131 0.0001 12
1755528945800 0.0001 13
1755529333434 5e-05 14
1755529726257 5e-05 15
1755530113120 5e-05 16
1755530502498 5e-05 17
1755530893473 5e-05 18
1755531278371 5e-05 19
1755531662700 5e-05 20
1755532047195 2.5e-05 21
1755532431642 2.5e-05 22
1755532816513 2.5e-05 23
1755533201599 2.5e-05 24
1755533589413 2.5e-05 25
1755533983946 2.5e-05 26
1755534377665 2.5e-05 27
1755534776848 2.5e-05 28
1755535160831 2.5e-05 29
1755535539969 1.25e-05 30
1755535919861 1.25e-05 31
1755536297811 1.25e-05 32
1755536677767 1.25e-05 33
1755537057672 1.25e-05 34
1755537441863 6.25e-06 35
