1755524107916 0.001 1
1755524520216 0.001 2
1755524934385 0.001 3
1755525339518 0.001 4
1755525760961 0.001 5
1755526169294 0.001 6
1755526575598 0.001 7
1755526990997 0.001 8
1755527383334 0.001 9
1755527772454 0.001 10
1755528170624 0.001 11
1755528559049 0.001 12
1755528945759 0.001 13
1755529333375 0.0005 14
1755529726203 0.0005 15
1755530113080 0.0005 16
1755530502389 0.0005 17
1755530893404 0.0005 18
1755531278198 0.0005 19
1755531662659 0.0005 20
1755532047129 0.00025 21
1755532431605 0.00025 22
1755532816473 0.00025 23
1755533201564 0.00025 24
1755533589345 0.00025 25
1755533983901 0.00025 26
1755534377628 0.00025 27
1755534776793 0.00025 28
1755535160798 0.00025 29
1755535539921 0.000125 30
1755535919805 0.000125 31
1755536297767 0.000125 32
1755536677713 0.000125 33
1755537057618 0.000125 34
1755537441820 6.25e-05 35
