1755524443207 0.701984392148312 1
1755524859503 0.3553306189977863 2
1755525270961 0.25612279829624285 3
1755525673028 0.20731746267840684 4
1755526094860 0.1714525457378767 5
1755526506238 0.14444694653257867 6
1755526920418 0.13298537310885955 7
1755527312257 0.1223872174273863 8
1755527703494 0.11841154150154175 9
1755528093750 0.09288850409846254 10
1755528492891 0.08308589756720905 11
1755528879294 0.08810080221101259 12
1755529267899 0.0785667067143422 13
1755529653400 0.06715021902228187 14
1755530046612 0.05671554554298787 15
1755530432087 0.04904886568364081 16
1755530822758 0.050757895494344125 17
1755531211644 0.03967795540532242 18
1755531597496 0.05203811134479366 19
1755531980946 0.040187164013490886 20
1755532365913 0.040929994771816997 21
1755532750942 0.032121964934049174 22
1755533135353 0.031005863073543787 23
1755533521075 0.04124651223564712 24
1755533912176 0.03970397754931007 25
1755534305994 0.0340845393948257 26
1755534704795 0.03164428363012359 27
1755535093983 0.03121288173326173 28
1755535472209 0.02494097012725283 29
1755535852089 0.033614424094432646 30
1755536232156 0.02978245651748719 31
1755536612124 0.021174991221114197 32
1755536989216 0.021175678011083995 33
1755537373033 0.030220007306794243 34
1755537756441 0.01997628031710868 35
