1755524443360 0.6278298497200012 1
1755524859558 0.8440671563148499 2
1755525271072 0.8887587785720825 3
1755525673097 0.9102264046669006 4
1755526095018 0.9270101189613342 5
1755526506315 0.9408665299415588 6
1755526920552 0.9453551769256592 7
1755527312436 0.949063241481781 8
1755527703902 0.9499414563179016 9
1755528093909 0.9589188098907471 10
1755528493014 0.9634075164794922 11
1755528879331 0.9628220200538635 12
1755529268011 0.9664324522018433 13
1755529653719 0.971506655216217 14
1755530046735 0.9753122329711914 15
1755530432143 0.9780445098876953 16
1755530822896 0.9776541590690613 17
1755531211705 0.9819477200508118 18
1755531597543 0.9778493642807007 19
1755531981031 0.9801912307739258 20
1755532365986 0.9829235076904297 21
1755532751137 0.9879976511001587 22
1755533135488 0.9849726557731628 23
1755533521259 0.981654942035675 24
1755533912369 0.982338011264801 25
1755534306211 0.9845823645591736 26
1755534705002 0.9865339398384094 27
1755535094063 0.9864363670349121 28
1755535472348 0.9878025054931641 29
1755535852251 0.9875097870826721 30
1755536232239 0.9873145818710327 31
1755536612253 0.9901444315910339 32
1755536989265 0.9896565079689026 33
1755537373078 0.9885831475257874 34
1755537756536 0.9919008612632751 35
