1755524443380 0.6003560419534655 1
1755524859592 0.8409555356245307 2
1755525271107 0.8877043208983715 3
1755525673165 0.9099449854687551 4
1755526095038 0.9269909897604367 5
1755526506330 0.94067396324904 6
1755526920584 0.9453597855821154 7
1755527312466 0.949004522544861 8
1755527703932 0.9498463546361187 9
1755528093991 0.9588824279261737 10
1755528493074 0.963383098088306 11
1755528879348 0.9628074862017922 12
1755529268031 0.9663899626397264 13
1755529653845 0.9714893228958593 14
1755530046763 0.9753091077617887 15
1755530432157 0.9780172854942958 16
1755530822924 0.9776501708488491 17
1755531211740 0.9819407016325415 18
1755531597651 0.977849068325661 19
1755531981049 0.9801919331058137 20
1755532366057 0.9829227815161884 21
1755532751168 0.9879963284505379 22
1755533135511 0.984962953069689 23
1755533521332 0.9816557791151207 24
1755533912455 0.9823276209131462 25
1755534306242 0.9845736728488467 26
1755534705021 0.9865254791074084 27
1755535094089 0.9864372051800516 28
1755535472365 0.9877895699957105 29
1755535852278 0.9875018119919555 30
1755536232253 0.9873043116377965 31
1755536612280 0.9901442268932583 32
1755536989296 0.9896521275507195 33
1755537373099 0.988576526219414 34
1755537756553 0.9919043036660156 35
