1755524443403 0.5972807280140059 1
1755524859613 0.8409020103922706 2
1755525271126 0.8880741629058532 3
1755525673219 0.9104888511886948 4
1755526095053 0.9265971619244594 5
1755526506354 0.940846067449718 6
1755526920630 0.9449455124544184 7
1755527312496 0.9492566510249725 8
1755527703978 0.949889238167213 9
1755528094056 0.9587861535784302 10
1755528493096 0.9630949260282431 11
1755528879384 0.9627653944600107 12
1755529268047 0.9664426975531338 13
1755529653887 0.9714302885255549 14
1755530046827 0.9753882793542628 15
1755530432200 0.9780835704552253 16
1755530822998 0.9777500893818379 17
1755531211813 0.9819877553524368 18
1755531597676 0.9778146685629672 19
1755531981071 0.9801503465318813 20
1755532366110 0.9829054263481621 21
1755532751243 0.9879380416692942 22
1755533135636 0.9850207685034282 23
1755533521349 0.9817474375992029 24
1755533912563 0.9823786045470595 25
1755534306260 0.9845841552233658 26
1755534705045 0.9865010119102633 27
1755535094123 0.9863699895639997 28
1755535472389 0.987745545760213 29
1755535852305 0.9874638932138847 30
1755536232270 0.9873173793400772 31
1755536612300 0.9901617921646274 32
1755536989319 0.9896384844231104 33
1755537373114 0.9885527613407588 34
1755537756569 0.9918044681768731 35
