1755475270067 0.0001 1
1755475840999 0.0001 2
1755476432531 0.0001 3
1755477023817 0.0001 4
1755477612611 0.0001 5
1755478224735 0.0001 6
1755478825608 0.0001 7
1755479446483 0.0001 8
1755480057370 0.0001 9
1755480665926 0.0001 10
1755481276226 0.0001 11
1755481901988 0.0001 12
1755482533840 0.0001 13
1755483169330 0.0001 14
1755483795393 5e-05 15
1755484410091 5e-05 16
1755485024796 5e-05 17
1755485665497 5e-05 18
1755486306348 5e-05 19
1755486906564 5e-05 20
1755487639910 5e-05 21
1755488277684 5e-05 22
1755488942857 5e-05 23
1755489584753 5e-05 24
1755490225659 5e-05 25
1755490886429 5e-05 26
1755491556601 5e-05 27
1755492223604 5e-05 28
1755492885584 5e-05 29
1755493533521 2.5e-05 30
1755494191171 2.5e-05 31
1755494851795 2.5e-05 32
1755495533346 2.5e-05 33
1755496208709 2.5e-05 34
1755496877138 1.25e-05 35
