1755475270062 0.001 1
1755475840996 0.001 2
1755476432526 0.001 3
1755477023814 0.001 4
1755477612556 0.001 5
1755478224732 0.001 6
1755478825605 0.001 7
1755479446472 0.001 8
1755480057367 0.001 9
1755480665922 0.001 10
1755481276223 0.001 11
1755481901985 0.001 12
1755482533837 0.001 13
1755483169290 0.001 14
1755483795391 0.0005 15
1755484410087 0.0005 16
1755485024793 0.0005 17
1755485665494 0.0005 18
1755486306345 0.0005 19
1755486906561 0.0005 20
1755487639907 0.0005 21
1755488277681 0.0005 22
1755488942854 0.0005 23
1755489584750 0.0005 24
1755490225656 0.0005 25
1755490886426 0.0005 26
1755491556598 0.0005 27
1755492223600 0.0005 28
1755492885581 0.0005 29
1755493533518 0.00025 30
1755494191169 0.00025 31
1755494851792 0.00025 32
1755495533343 0.00025 33
1755496208707 0.00025 34
1755496877135 0.000125 35
