1755475728497 0.6246223322280717 1
1755476320208 0.7829555362947226 2
1755476914962 0.8194179266717857 3
1755477499864 0.8449632926702867 4
1755478113352 0.8630034990517358 5
1755478714549 0.8779638993768049 6
1755479324801 0.8893121262493081 7
1755479942082 0.8894229349190318 8
1755480552674 0.9003849376456591 9
1755481165866 0.8911908412620089 10
1755481781055 0.9064616512366889 11
1755482416906 0.9040058164609782 12
1755483048772 0.913047900292159 13
1755483682044 0.9080526944343895 14
1755484293878 0.9257763771942905 15
1755484908478 0.934443021820434 16
1755485543354 0.9350284397861182 17
1755486175575 0.9354745166803866 18
1755486791305 0.9345581372098589 19
1755487407001 0.9380559714709963 20
1755488150196 0.9444630404647066 21
1755488815714 0.9554690527221424 22
1755489468318 0.950762429968236 23
1755490106454 0.9607504062359584 24
1755490760777 0.9641577239134861 25
1755491425390 0.964842462406203 26
1755492102766 0.9663046429615865 27
1755492763891 0.9696227333371505 28
1755493418426 0.9721796055510035 29
1755494061089 0.9716711781945335 30
1755494730462 0.9771636484428762 31
1755495401499 0.9765734285422948 32
1755496079932 0.9797917718876693 33
1755496752401 0.9771590043355436 34
1755497404370 0.9799748473848515 35
