1755475728494 0.6381379961967468 1
1755476320205 0.7860837578773499 2
1755476914959 0.8213135600090027 3
1755477499861 0.8458085060119629 4
1755478113350 0.8636674284934998 5
1755478714542 0.8785009980201721 6
1755479324799 0.8898214101791382 7
1755479942079 0.8898214101791382 8
1755480552671 0.9007514119148254 9
1755481165863 0.8914804458618164 10
1755481781052 0.9066067934036255 11
1755482416903 0.9041670560836792 12
1755483048770 0.9132428765296936 13
1755483682036 0.9082658290863037 14
1755484293875 0.9259295463562012 15
1755484908475 0.9345174431800842 16
1755485543351 0.9351029396057129 17
1755486175573 0.935590922832489 18
1755486791302 0.9347125887870789 19
1755487406998 0.9381282329559326 20
1755488150193 0.9445691704750061 21
1755488815711 0.9554991722106934 22
1755489468310 0.9508148431777954 23
1755490106449 0.96076899766922 24
1755490760774 0.9641846418380737 25
1755491425386 0.9648677706718445 26
1755492102763 0.9663316011428833 27
1755492763889 0.9696496725082397 28
1755493418423 0.9721869826316833 29
1755494061086 0.971699059009552 30
1755494730460 0.9771640300750732 31
1755495401495 0.9765785336494446 32
1755496079929 0.9797989726066589 33
1755496752387 0.9771640300750732 34
1755497404368 0.9799941182136536 35
