1755475728472 0.7691245117776567 1
1755476320180 0.5103971378879213 2
1755476914944 0.45433779985474526 3
1755477499812 0.3966988031588826 4
1755478113328 0.3625280154421111 5
1755478714529 0.34747360218196355 6
1755479324777 0.3054008682535243 7
1755479942066 0.3051319975536069 8
1755480552659 0.2854157422995849 9
1755481165838 0.29938155372969144 10
1755481781032 0.26823459199835475 11
1755482416886 0.2708789833105143 12
1755483048756 0.2666149092000496 13
1755483682014 0.268815638373968 14
1755484293864 0.21504744073244467 15
1755484908454 0.19731807406192173 16
1755485543333 0.20229014033347348 17
1755486175553 0.20557682243087924 18
1755486791287 0.1954634376718351 19
1755487406984 0.1795188052513919 20
1755488150168 0.16720465387204614 21
1755488815696 0.14522659996219942 22
1755489468273 0.16189718986719637 23
1755490106419 0.13123638772984217 24
1755490760759 0.12788000243391187 25
1755491425365 0.11376559236412676 26
1755492102713 0.10665026148198266 27
1755492763875 0.0993746041563891 28
1755493418403 0.09751248725734256 29
1755494061071 0.10230017390929065 30
1755494730420 0.07579485763314277 31
1755495401469 0.08093073693556815 32
1755496079913 0.0683475975779881 33
1755496752335 0.07494665161697914 34
1755497404351 0.06467477697465987 35
