1755475728499 0.6243641661416767 1
1755476320210 0.7835752471213502 2
1755476914964 0.8199717391876474 3
1755477499866 0.8446537357361642 4
1755478113354 0.863391862926755 5
1755478714551 0.8776249715656617 6
1755479324804 0.8885640374496759 7
1755479942084 0.888688148030689 8
1755480552677 0.9004740767167847 9
1755481165868 0.8911029552716785 10
1755481781058 0.9064430448846015 11
1755482416909 0.9039998685627226 12
1755483048775 0.9127544492878229 13
1755483682047 0.9080724547805996 14
1755484293888 0.9257673873106608 15
1755484908480 0.9342813416545072 16
1755485543356 0.9355059640683493 17
1755486175577 0.9357879736807122 18
1755486791308 0.9348240718645148 19
1755487407003 0.9378382849103477 20
1755488150199 0.9443458698147754 21
1755488815716 0.9552051479124962 22
1755489468321 0.9506933840209688 23
1755490106456 0.9606475078477518 24
1755490760779 0.9641474895354927 25
1755491425392 0.9648826487257274 26
1755492102769 0.966209273404228 27
1755492763894 0.9696965144269736 28
1755493418429 0.9722118213456646 29
1755494061091 0.9716156465615651 30
1755494730464 0.9771275842188922 31
1755495401501 0.9766394433290927 32
1755496079934 0.9798455284817031 33
1755496752403 0.9771156538578627 34
1755497404372 0.9800092494245669 35
