1755613421243 0.0001 1
1755613783431 0.0001 2
1755614148039 0.0001 3
1755614509084 0.0001 4
1755614863639 0.0001 5
1755615217555 5e-05 6
1755615590567 5e-05 7
1755615952022 5e-05 8
1755616310488 5e-05 9
1755616681283 5e-05 10
1755617054792 0.0001 11
1755617429102 0.0001 12
1755617799659 0.0001 13
1755618170173 5e-05 14
1755618543457 5e-05 15
1755618932636 5e-05 16
1755619305851 5e-05 17
1755619678189 5e-05 18
1755620070283 5e-05 19
1755620464361 5e-05 20
1755620841253 5e-05 21
1755621219503 2.5e-05 22
1755621600732 2.5e-05 23
1755621990082 2.5e-05 24
1755622361821 2.5e-05 25
1755622738057 2.5e-05 26
1755623112540 1.25e-05 27
