1755613421222 0.001 1
1755613783385 0.001 2
1755614148008 0.001 3
1755614509043 0.001 4
1755614863613 0.001 5
1755615217504 0.0005 6
1755615590529 0.0005 7
1755615951988 0.0005 8
1755616310448 0.0005 9
1755616681234 0.0005 10
1755617054733 0.0001 11
1755617429067 0.0001 12
1755617799625 0.0001 13
1755618170134 5e-05 14
1755618543422 5e-05 15
1755618932596 5e-05 16
1755619305789 5e-05 17
1755619678150 5e-05 18
1755620070262 5e-05 19
1755620464328 5e-05 20
1755620841211 5e-05 21
1755621219462 2.5e-05 22
1755621600673 2.5e-05 23
1755621990047 2.5e-05 24
1755622361784 2.5e-05 25
1755622738020 2.5e-05 26
1755623112506 1.25e-05 27
