1755613717006 0.743191978541112 1
1755614084416 0.8886811244700286 2
1755614452054 0.9274220353044006 3
1755614807054 0.9367779716355715 4
1755615160078 0.9538065352539331 5
1755615520809 0.965661291531689 6
1755615895450 0.9682569918267125 7
1755616256006 0.9727982165599267 8
1755616615047 0.9743072406938353 9
1755616984627 0.9753338318449657 10
1755617371176 0.9769614015555413 11
1755617746339 0.9912337405253291 12
1755618116470 0.9927448284181098 13
1755618486693 0.9969763947551677 14
1755618861205 0.9983872816800677 15
1755619249909 0.9985887483600704 16
1755619622615 0.9979835844152847 17
1755619995462 0.998084875846106 18
1755620385893 0.9981859485102608 19
1755620780212 0.9965733104270073 20
1755621157559 0.9982864587820045 21
1755621536537 0.9988913428483192 22
1755621917564 0.9991933451661049 23
1755622302469 0.9997983889264601 24
1755622679058 0.9997983903517644 25
1755623055463 0.998891458244331 26
1755623429522 0.9994958653228605 27
