1755613717022 0.7329959757210085 1
1755614084481 0.8841224637785492 2
1755614452148 0.9237063432866387 3
1755614807078 0.934159881486323 4
1755615160109 0.9520062589163718 5
1755615520856 0.9642331138434319 6
1755615895473 0.9669858140395988 7
1755616256040 0.9717256688322162 8
1755616615065 0.9735051948209271 9
1755616984643 0.9746460457129503 10
1755617371201 0.9759318743008054 11
1755617746359 0.9909423230088439 12
1755618116493 0.9926431994128025 13
1755618486714 0.9969741700731383 14
1755618861259 0.9983590889390165 15
1755619249934 0.99855897439205 16
1755619622690 0.9979710530508076 17
1755619995494 0.9980138677159033 18
1755620385981 0.9981299497447722 19
1755620780299 0.9965318166610025 20
1755621157595 0.9982984563194603 21
1755621536559 0.9988337889047021 22
1755621917616 0.9992426642237409 23
1755622302528 0.9997817776286066 24
1755622679083 0.9997986449709693 25
1755623055502 0.9989031776204348 26
1755623429668 0.9994542620830501 27
