1755613717123 0.8595641646489104 1
1755614084597 0.9478295499800876 2
1755614452351 0.9690118885207561 3
1755614807303 0.9709887507400828 4
1755615160191 0.9760314341846759 5
1755615521005 0.9856044172746993 6
1755615895673 0.9829076243518341 7
1755616256160 0.9867083659108679 8
1755616615234 0.9853958493466565 9
1755616984755 0.9837019790454016 10
1755617371325 0.9897111199050257 11
1755617746482 0.9952755905511811 12
1755618116622 0.9943939686835492 13
1755618486829 0.9968919968919969 14
1755618861361 0.9988023952095808 15
1755619250112 0.9990247708211429 16
1755619622839 0.998282770463652 17
1755619995785 0.9988474836726854 18
1755620386266 0.9988408037094282 19
1755620780595 0.9970384995064165 20
1755621157928 0.9982886480319453 21
1755621536742 0.9996162701458173 22
1755621917869 0.9986346791496001 23
1755622302656 1.0 24
1755622679230 0.9998084658111472 25
1755623056907 0.9988830975428146 26
1755623429966 1.0 27
