1755613717143 0.7168360340565778 1
1755614084694 0.9018523638374344 2
1755614452442 0.9470021413276232 3
1755614807323 0.9511470985155196 4
1755615160207 0.9680908599242833 5
1755615521026 0.9736330835414932 6
1755615895700 0.9782309176081565 7
1755616256208 0.9801871216290589 8
1755616615272 0.9804137931034482 9
1755616984773 0.9852861035422343 10
1755617371385 0.980600584639915 11
1755617746539 0.9914998629010146 12
1755618116643 0.994969256567915 13
1755618486847 0.9962243797195254 14
1755618861377 0.9986297615785147 15
1755619250143 0.9991845610220168 16
1755619622861 0.9975076156189421 17
1755619995817 0.997828447339848 18
1755620386290 0.9989004947773502 19
1755620780644 0.9967776584317938 20
1755621158024 0.9994556341861731 21
1755621536765 0.9991778569471088 22
1755621917956 0.9997253501785224 23
1755622302674 1.0 24
1755622679253 0.9997204361196533 25
1755623056947 0.9991503823279524 26
1755623430021 0.9986634589681903 27
