1755613716990 0.74213707447052 1
1755614084394 0.8881048560142517 2
1755614452022 0.9272177219390869 3
1755614807038 0.936693549156189 4
1755615159997 0.9537298679351807 5
1755615520773 0.965624988079071 6
1755615895420 0.9682459831237793 7
1755616255944 0.9727822542190552 8
1755616614986 0.9742943644523621 9
1755616984598 0.9753023982048035 10
1755617371158 0.9769152998924255 11
1755617746319 0.9912298321723938 12
1755618116316 0.9927419424057007 13
1755618486675 0.9969757795333862 14
1755618861178 0.9983870983123779 15
1755619249785 0.9985886812210083 16
1755619622581 0.9979838728904724 17
1755619995431 0.9980846643447876 18
1755620385870 0.9981854557991028 19
1755620780130 0.9965725541114807 20
1755621157478 0.9982863068580627 21
1755621536510 0.9988911151885986 22
1755621917363 0.999193549156189 23
1755622302440 0.9997983574867249 24
1755622679012 0.9997983574867249 25
1755623055421 0.9988911151885986 26
1755623429451 0.9994959831237793 27
