1755613717058 0.798194370685077 1
1755614084508 0.915907873594001 2
1755614452188 0.9320282762370854 3
1755614807124 0.9486122561143171 4
1755615160137 0.9613111230521225 5
1755615520906 0.9714593430263866 6
1755615895501 0.9733656174334141 7
1755616256074 0.97784981091302 8
1755616615167 0.980849292256453 9
1755616984703 0.9794801641586868 10
1755617371263 0.9809293580445877 11
1755617746391 0.9909465020576131 12
1755618116536 0.9942732478865558 13
1755618486746 0.9994623655913979 14
1755618861298 0.998076394613905 15
1755619249998 0.9991682838924314 16
1755619622733 0.9988913525498891 17
1755619995604 0.9989171629669734 18
1755620386052 0.9994541484716157 19
1755620780349 0.9955849889624724 20
1755621157694 0.9994318181818181 21
1755621536595 0.9994475138121547 22
1755621917690 0.9991645781119465 23
1755622302565 1.0 24
1755622679119 1.0 25
1755623055537 0.9991503823279524 26
1755623429741 1.0 27
