1755613717074 0.6837944664031621 1
1755614084525 0.842389835090565 2
1755614452208 0.8960043787629994 3
1755614807246 0.9125033042558816 4
1755615160152 0.9330344634351359 5
1755615520956 0.9523299410819497 6
1755615895516 0.9558742415885273 7
1755616256120 0.962742980561555 8
1755616615191 0.9693486590038314 9
1755616984721 0.9681459297576913 10
1755617371283 0.9692565679150363 11
1755617746437 0.9897352782279849 12
1755618116557 0.9929270946681176 13
1755618486787 0.9969688619454395 14
1755618861321 0.9986747945931619 15
1755619250030 0.9986569970453935 16
1755619622761 0.9986099527383931 17
1755619995631 0.9983543609434997 18
1755620386080 0.9963452347483834 19
1755620780490 0.9961873638344226 20
1755621157718 0.9971815107102593 21
1755621536644 0.9980560955290197 22
1755621917767 0.9997233748271093 23
1755622302588 0.9994453688297282 24
1755622679166 0.9997293640054127 25
1755623056831 0.9978835978835979 26
1755623429797 0.9994145199063232 27
