1755613716953 0.49224212352813584 1
1755614084301 0.13495033599852654 2
1755614451668 0.08305664216645857 3
1755614806966 0.0724747728843032 4
1755615159902 0.04625809250777116 5
1755615520653 0.03509586294075703 6
1755615895383 0.026570064173524918 7
1755616255785 0.026368471015881634 8
1755616614876 0.0210871160774427 9
1755616984473 0.02101238435598134 10
1755617371032 0.029146314103630215 11
1755617746196 0.013883069798130091 12
1755618115898 0.006583895661252884 13
1755618486649 0.0032699929819311685 14
1755618861019 0.002706549138205946 15
1755619249686 0.001691041860673603 16
1755619622544 0.0022893312372099556 17
1755619995364 0.0013368773095539168 18
1755620385701 0.003517157393012001 19
1755620779898 0.0039854326324400115 20
1755621157366 0.0009068974864668968 21
1755621536459 0.0015840190388129649 22
1755621917244 0.000266404089456675 23
1755622302353 0.00012886890362775026 24
1755622678978 0.00016326132041689684 25
1755623055368 0.0013222988848009445 26
1755623429387 0.0008658893537171925 27
