1755613717096 0.6065908428113153 1
1755614084580 0.8126326963906582 2
1755614452314 0.8744850315847295 3
1755614807263 0.8875479978058146 4
1755615160175 0.9215634139856421 5
1755615520981 0.9381387842926304 6
1755615895653 0.9445506692160612 7
1755616256142 0.9511400651465798 8
1755616615216 0.9515183803942462 9
1755616984737 0.9566160520607375 10
1755617371306 0.9591617409994626 11
1755617746460 0.987254381306426 12
1755618116579 0.9866524292578751 13
1755618486806 0.9953232462173315 14
1755618861340 0.9976120986999204 15
1755619250075 0.9967602591792657 16
1755619622788 0.9965635738831615 17
1755619995719 0.9961218836565097 18
1755620386235 0.9971090670170828 19
1755620780535 0.9970705725699068 20
1755621157849 0.997134670487106 21
1755621536715 0.9978712080894092 22
1755621917795 0.9989653388515262 23
1755622302633 0.9994635193133047 24
1755622679186 0.9997349589186324 25
1755623056870 0.9994484280198566 26
1755623429901 0.9991933315407368 27
